Example 21.1

Time: 1 = January 1951
    489 = September 1999
Money = M1 money supply ($, Billions)

TIME	MONEY	
1	138.89	
2	139.39	
3	139.74	
4	139.69	
5	140.68	
6	141.17	
7	141.7	
8	141.9	
9	141.01	
10	140.47	
11	140.38	
12	139.95	
13	139.98	
14	139.87	
15	139.75	
16	139.56	
17	139.61	
18	139.58	
19	140.18	
20	141.31	
21	141.18	
22	140.92	
23	140.86	
24	140.69	
25	141.06	
26	141.6	
27	141.87	
28	142.13	
29	142.66	
30	142.88	
31	142.92	
32	143.49	
33	143.78	
34	144.14	
35	144.76	
36	145.2	
37	145.24	
38	145.66	
39	145.96	
40	146.4	
41	146.84	
42	146.58	
43	146.46	
44	146.57	
45	146.3	
46	146.71	
47	147.29	
48	147.82	
49	148.26	
50	148.9	
51	149.17	
52	149.7	
53	150.39	
54	150.43	
55	151.34	
56	151.78	
57	151.98	
58	152.55	
59	153.65	
60	153.29	
61	153.74	
62	154.31	
63	154.48	
64	154.77	
65	155.33	
66	155.62	
67	156.8	
68	157.82	
69	158.75	
70	159.24	
71	159.96	
72	160.3	
73	160.71	
74	160.94	
75	161.47	
76	162.03	
77	161.7	
78	162.19	
79	163.05	
80	163.68	
81	164.85	
82	165.97	
83	166.71	
84	167.85	
85	169.08	
86	169.62	
87	170.51	
88	171.81	
89	171.33	
90	171.57	
91	170.31	
92	170.81	
93	171.97	
94	171.16	
95	171.38	
96	172.03	
97	171.86	
98	172.99	
99	174.81	
100	174.17	
101	175.68	
102	177.02	
103	178.13	
104	179.71	
105	180.68	
106	181.64	
107	182.38	
108	183.26	
109	184.33	
110	184.71	
111	185.47	
112	186.6	
113	187.99	
114	189.42	
115	190.49	
116	191.84	
117	192.74	
118	194.02	
119	196.02	
120	197.41	
121	198.69	
122	199.35	
123	200.02	
124	200.71	
125	200.81	
126	201.27	
127	201.66	
128	201.73	
129	202.1	
130	202.9	
131	203.57	
132	203.88	
133	206.22	
134	205	
135	205.75	
136	206.72	
137	207.22	
138	207.54	
139	207.98	
140	209.93	
141	211.8	
142	212.88	
143	213.66	
144	214.41	
145	215.54	
146	217.42	
147	218.77	
148	220	
149	222.02	
150	223.45	
151	224.85	
152	225.58	
153	226.47	
154	227.16	
155	227.76	
156	228.32	
157	230.09	
158	232.32	
159	234.3	
160	235.58	
161	235.89	
162	236.62	
163	238.79	
164	240.93	
165	243.18	
166	245.02	
167	246.41	
168	249.25	
169	251.47	
170	252.15	
171	251.67	
172	252.74	
173	254.89	
174	256.69	
175	257.54	
176	257.76	
177	257.86	
178	259.04	
179	260.98	
180	262.88	
181	263.76	
182	265.31	
183	266.68	
184	267.2	
185	267.56	
186	268.44	
187	269.27	
188	270.12	
189	271.05	
190	272.35	
191	273.71	
192	274.2	
193	273.9	
194	275	
195	276.42	
196	276.17	
197	279.2	
198	282.43	
199	283.68	
200	284.15	
201	285.69	
202	285.39	
203	286.83	
204	287.07	
205	288.42	
206	290.76	
207	292.7	
208	294.66	
209	295.93	
210	296.16	
211	297.2	
212	299.05	
213	299.67	
214	302.04	
215	303.59	
216	306.25	
217	308.26	
218	311.54	
219	313.94	
220	316.02	
221	317.19	
222	318.71	
223	320.19	
224	322.27	
225	324.48	
226	326.4	
227	328.64	
228	330.87	
229	334.4	
230	335.3	
231	336.96	
232	339.92	
233	344.86	
234	346.8	
235	347.63	
236	349.66	
237	352.26	
238	353.35	
239	355.41	
240	357.28	
241	358.6	
242	359.91	
243	362.45	
244	368.05	
245	369.59	
246	373.34	
247	377.21	
248	378.82	
249	379.28	
250	380.87	
251	380.81	
252	381.77	
253	385.85	
254	389.7	
255	388.13	
256	383.44	
257	384.6	
258	389.46	
259	394.91	
260	400.06	
261	405.36	
262	409.06	
263	410.37	
264	408.06	
265	410.83	
266	414.38	
267	418.69	
268	427.06	
269	424.43	
270	425.5	
271	427.9	
272	427.85	
273	427.46	
274	428.45	
275	430.88	
276	436.17	
277	442.13	
278	441.49	
279	442.37	
280	446.78	
281	446.53	
282	447.89	
283	449.09	
284	452.49	
285	457.5	
286	464.57	
287	471.12	
288	474.3	
289	476.68	
290	483.85	
291	490.18	
292	492.77	
293	499.78	
294	504.35	
295	508.96	
296	511.6	
297	513.41	
298	517.21	
299	518.53	
300	520.79	
301	524.4	
302	526.99	
303	530.78	
304	534.03	
305	536.59	
306	540.54	
307	542.13	
308	542.39	
309	543.86	
310	543.87	
311	547.32	
312	551.19	
313	555.66	
314	562.48	
315	565.74	
316	569.55	
317	575.07	
318	583.17	
319	590.82	
320	598.06	
321	604.47	
322	607.91	
323	611.83	
324	619.36	
325	620.4	
326	624.14	
327	632.81	
328	640.35	
329	652.01	
330	661.52	
331	672.2	
332	680.77	
333	688.51	
334	695.26	
335	705.24	
336	724.28	
337	729.34	
338	729.84	
339	733.01	
340	743.39	
341	746	
342	743.72	
343	744.96	
344	746.96	
345	748.66	
346	756.5	
347	752.83	
348	749.68	
349	755.55	
350	757.07	
351	761.18	
352	767.57	
353	771.68	
354	779.1	
355	783.4	
356	785.08	
357	784.82	
358	783.63	
359	784.46	
360	786.26	
361	784.92	
362	783.4	
363	782.74	
364	778.82	
365	774.79	
366	774.22	
367	779.71	
368	781.14	
369	782.2	
370	787.05	
371	787.95	
372	792.57	
373	794.93	
374	797.65	
375	801.25	
376	806.24	
377	804.36	
378	810.33	
379	811.8	
380	817.85	
381	821.83	
382	820.3	
383	822.06	
384	824.56	
385	826.73	
386	832.4	
387	838.62	
388	842.73	
389	848.96	
390	858.33	
391	862.95	
392	868.65	
393	871.56	
394	878.4	
395	887.95	
396	896.7	
397	910.49	
398	925.13	
399	936	
400	943.89	
401	950.78	
402	954.71	
403	964.6	
404	975.71	
405	988.84	
406	1004.34	
407	1016.04	
408	1024.45	
409	1030.9	
410	1033.15	
411	1037.99	
412	1047.47	
413	1066.22	
414	1075.61	
415	1085.88	
416	1095.56	
417	1105.43	
418	1113.8	
419	1123.9	
420	1129.31	
421	1132.2	
422	1136.13	
423	1139.91	
424	1141.42	
425	1142.85	
426	1145.65	
427	1151.49	
428	1151.39	
429	1152.44	
430	1150.41	
431	1150.44	
432	1149.75	
433	1150.64	
434	1146.74	
435	1146.52	
436	1149.48	
437	1144.65	
438	1144.24	
439	1146.5	
440	1146.1	
441	1142.27	
442	1136.43	
443	1133.55	
444	1126.73	
445	1122.58	
446	1117.53	
447	1122.59	
448	1124.52	
449	1116.3	
450	1115.47	
451	1112.34	
452	1102.18	
453	1095.61	
454	1082.56	
455	1080.49	
456	1081.34	
457	1080.52	
458	1076.2	
459	1072.42	
460	1067.45	
461	1063.37	
462	1065.99	
463	1067.57	
464	1072.08	
465	1064.82	
466	1062.06	
467	1067.53	
468	1074.87	
469	1073.81	
470	1076.02	
471	1080.65	
472	1082.09	
473	1078.17	
474	1077.78	
475	1075.37	
476	1072.21	
477	1074.65	
478	1080.4	
479	1088.96	
480	1093.35	
481	1091	
482	1092.65	
483	1102.01	
484	1108.4	
485	1104.75	
486	1101.11	
487	1099.53	
488	1102.4	
489	1093.46	
