Table 2.1
Weekly Family Income

   X = Weekly Family Income, $
   Y = Weekly Family Consumption Expenditure, $

   Note:  -99999 = No Value Given

   X   ------------------- Y -----------------   TOTAL
   80   55   60   65   70   75  -99999  -99999    325
  100   65   70   74   80   85      88  -99999    462
  120   79   84   90   94   98  -99999  -99999    445
  140   80   93   95  103  108     113     115    707
  160  102  107  110  116  118     125  -99999    678
  180  110  115  120  130  135     140  -99999    750
  200  120  136  140  144  145  -99999  -99999    685
  220  135  137  140  152  157     160     162   1043
  240  137  145  155  165  175     189  -99999    966
  260  150  152  175  178  180     185     191   1211


